<html>
<head><meta charset="utf-8" /></head>
<body>
    <div>                        <script type="text/javascript">window.PlotlyConfig = {MathJaxConfig: 'local'};</script>
        <script src="https://cdn.plot.ly/plotly-2.12.1.min.js"></script>                <div id="9d43a596-1c9d-48b0-a9c6-f9781b64fccb" class="plotly-graph-div" style="height:700px; width:800px;"></div>            <script type="text/javascript">                                    window.PLOTLYENV=window.PLOTLYENV || {};                                    if (document.getElementById("9d43a596-1c9d-48b0-a9c6-f9781b64fccb")) {                    Plotly.newPlot(                        "9d43a596-1c9d-48b0-a9c6-f9781b64fccb",                        [{"colorbar":{"title":{"text":"Correlation"}},"colorscale":[[0.0,"rgb(3, 35, 51)"],[0.09090909090909091,"rgb(13, 48, 100)"],[0.18181818181818182,"rgb(53, 50, 155)"],[0.2727272727272727,"rgb(93, 62, 153)"],[0.36363636363636365,"rgb(126, 77, 143)"],[0.45454545454545453,"rgb(158, 89, 135)"],[0.5454545454545454,"rgb(193, 100, 121)"],[0.6363636363636364,"rgb(225, 113, 97)"],[0.7272727272727273,"rgb(246, 139, 69)"],[0.8181818181818182,"rgb(251, 173, 60)"],[0.9090909090909091,"rgb(246, 211, 70)"],[1.0,"rgb(231, 250, 90)"]],"x":["id","minutes","contributor_id","n_steps","n_ingredients","calories (#)","total fat (PDV)","sugar (PDV)","sodium (PDV)","protein (PDV)","saturated fat (PDV)","carbohydrates (PDV)","user_id","recipe_id","rating","average_rating"],"y":["id","minutes","contributor_id","n_steps","n_ingredients","calories (#)","total fat (PDV)","sugar (PDV)","sodium (PDV)","protein (PDV)","saturated fat (PDV)","carbohydrates (PDV)","user_id","recipe_id","rating","average_rating"],"z":[[1.0,0.0017184892687374979,0.17494134969648636,0.08307689444962599,0.05575569153147418,0.021730340927626348,0.025632922231069437,0.0052878167836082225,0.010359765666873211,0.009856727448322463,0.016991013504690965,0.013264630749702643,0.15008070892897743,1.0,0.02465416423888415,0.030364576909782195],[0.0017184892687374979,1.0,0.00025298485988636306,0.011694531059833356,-0.00696275215290212,0.005562013001259262,0.001066467787662492,0.004530113870362322,0.004381680040415473,0.0031120569343745354,0.002345029330715077,0.006786224996752376,0.0018429709678374792,0.0017184892687374968,0.0014402829390057557,0.00196393037826293],[0.17494134969648636,0.00025298485988636306,1.0,0.050131158769514454,0.008875181155873706,0.019978755362826187,0.020717295043359448,0.014018041765063886,0.031788316543326006,0.005361711820339136,0.013757583382415057,0.015679455214316858,0.17214494149495177,0.1749413496964863,0.0022148326705443188,0.0009318099922197297],[0.08307689444962599,0.011694531059833356,0.050131158769514454,1.0,0.40888899389313954,0.1524865756655001,0.1327675371848682,0.04528438118872697,0.0228658034916363,0.152412522639138,0.14320412973701052,0.10472666577922055,0.08139030683339302,0.08307689444962602,-0.0011014897850162159,-0.0018214513463115766],[0.05575569153147418,-0.00696275215290212,0.008875181155873706,0.40888899389313954,1.0,0.13295268225168097,0.11654473564510984,0.004623203251066357,0.04120283377052254,0.18809034645081796,0.09271383454815177,0.07589970490559132,0.013214366335113973,0.05575569153147421,-0.005004964844741886,-0.005697377162577174],[0.021730340927626348,0.005562013001259262,0.019978755362826187,0.1524865756655001,0.13295268225168097,1.0,0.8697016344853821,0.6811011887000661,0.216372842484989,0.5937029042014697,0.8055379530000275,0.8127782737746674,0.047904610538921304,0.02173034092762634,-0.009316300395707819,-0.013526281599650644],[0.025632922231069437,0.001066467787662492,0.020717295043359448,0.1327675371848682,0.11654473564510984,0.8697016344853821,1.0,0.40327829418087047,0.12339828109902069,0.5101220107506561,0.8623492707862458,0.4598086805987621,0.038758223508385765,0.02563292223106946,-0.001542243892467593,-0.002951285828045215],[0.0052878167836082225,0.004530113870362322,0.014018041765063886,0.04528438118872697,0.004623203251066357,0.6811011887000661,0.40327829418087047,1.0,0.208056729041338,0.1266901012675627,0.4735247256400022,0.8544670762245056,0.03587791955218944,0.005287816783608219,-0.00658422141684036,-0.010233026264113806],[0.010359765666873211,0.004381680040415473,0.031788316543326006,0.0228658034916363,0.04120283377052254,0.216372842484989,0.12339828109902069,0.208056729041338,1.0,0.17863423638207634,0.1087507799545104,0.2304165617186327,0.023525250710446376,0.010359765666873216,-0.004567430526087332,-0.0060675733282367665],[0.009856727448322463,0.0031120569343745354,0.005361711820339136,0.152412522639138,0.18809034645081796,0.5937029042014697,0.5101220107506561,0.1266901012675627,0.17863423638207634,1.0,0.46149825051189675,0.2714700937445372,0.03446728924091487,0.00985672744832246,-0.01178703864918628,-0.015988008470262337],[0.016991013504690965,0.002345029330715077,0.013757583382415057,0.14320412973701052,0.09271383454815177,0.8055379530000275,0.8623492707862458,0.4735247256400022,0.1087507799545104,0.46149825051189675,1.0,0.4963414743386564,0.04285314965599192,0.01699101350469096,-0.003703864997840038,-0.005977000817729346],[0.013264630749702643,0.006786224996752376,0.015679455214316858,0.10472666577922055,0.07589970490559132,0.8127782737746674,0.4598086805987621,0.8544670762245056,0.2304165617186327,0.2714700937445372,0.4963414743386564,1.0,0.040173992756162034,0.01326463074970264,-0.012924537726761902,-0.01857815258194153],[0.15008070892897743,0.0018429709678374792,0.17214494149495177,0.08139030683339302,0.013214366335113973,0.047904610538921304,0.038758223508385765,0.03587791955218944,0.023525250710446376,0.03446728924091487,0.04285314965599192,0.040173992756162034,1.0,0.15008070892897746,-0.11692607779638296,-0.09294840745427599],[1.0,0.0017184892687374968,0.1749413496964863,0.08307689444962602,0.05575569153147421,0.02173034092762634,0.02563292223106946,0.005287816783608219,0.010359765666873216,0.00985672744832246,0.01699101350469096,0.01326463074970264,0.15008070892897746,1.0,0.02465416423888415,0.030364576909782195],[0.02465416423888415,0.0014402829390057557,0.0022148326705443188,-0.0011014897850162159,-0.005004964844741886,-0.009316300395707819,-0.001542243892467593,-0.00658422141684036,-0.004567430526087332,-0.01178703864918628,-0.003703864997840038,-0.012924537726761902,-0.11692607779638296,0.02465416423888415,1.0,0.6941758911630123],[0.030364576909782195,0.00196393037826293,0.0009318099922197297,-0.0018214513463115766,-0.005697377162577174,-0.013526281599650644,-0.002951285828045215,-0.010233026264113806,-0.0060675733282367665,-0.015988008470262337,-0.005977000817729346,-0.01857815258194153,-0.09294840745427599,0.030364576909782195,0.6941758911630123,1.0]],"zmax":1,"zmid":0,"zmin":-1,"type":"heatmap"}],                        {"template":{"data":{"barpolar":[{"marker":{"line":{"color":"white","width":0.5},"pattern":{"fillmode":"overlay","size":10,"solidity":0.2}},"type":"barpolar"}],"bar":[{"error_x":{"color":"rgb(36,36,36)"},"error_y":{"color":"rgb(36,36,36)"},"marker":{"line":{"color":"white","width":0.5},"pattern":{"fillmode":"overlay","size":10,"solidity":0.2}},"type":"bar"}],"carpet":[{"aaxis":{"endlinecolor":"rgb(36,36,36)","gridcolor":"white","linecolor":"white","minorgridcolor":"white","startlinecolor":"rgb(36,36,36)"},"baxis":{"endlinecolor":"rgb(36,36,36)","gridcolor":"white","linecolor":"white","minorgridcolor":"white","startlinecolor":"rgb(36,36,36)"},"type":"carpet"}],"choropleth":[{"colorbar":{"outlinewidth":1,"tickcolor":"rgb(36,36,36)","ticks":"outside"},"type":"choropleth"}],"contourcarpet":[{"colorbar":{"outlinewidth":1,"tickcolor":"rgb(36,36,36)","ticks":"outside"},"type":"contourcarpet"}],"contour":[{"colorbar":{"outlinewidth":1,"tickcolor":"rgb(36,36,36)","ticks":"outside"},"colorscale":[[0.0,"#440154"],[0.1111111111111111,"#482878"],[0.2222222222222222,"#3e4989"],[0.3333333333333333,"#31688e"],[0.4444444444444444,"#26828e"],[0.5555555555555556,"#1f9e89"],[0.6666666666666666,"#35b779"],[0.7777777777777778,"#6ece58"],[0.8888888888888888,"#b5de2b"],[1.0,"#fde725"]],"type":"contour"}],"heatmapgl":[{"colorbar":{"outlinewidth":1,"tickcolor":"rgb(36,36,36)","ticks":"outside"},"colorscale":[[0.0,"#440154"],[0.1111111111111111,"#482878"],[0.2222222222222222,"#3e4989"],[0.3333333333333333,"#31688e"],[0.4444444444444444,"#26828e"],[0.5555555555555556,"#1f9e89"],[0.6666666666666666,"#35b779"],[0.7777777777777778,"#6ece58"],[0.8888888888888888,"#b5de2b"],[1.0,"#fde725"]],"type":"heatmapgl"}],"heatmap":[{"colorbar":{"outlinewidth":1,"tickcolor":"rgb(36,36,36)","ticks":"outside"},"colorscale":[[0.0,"#440154"],[0.1111111111111111,"#482878"],[0.2222222222222222,"#3e4989"],[0.3333333333333333,"#31688e"],[0.4444444444444444,"#26828e"],[0.5555555555555556,"#1f9e89"],[0.6666666666666666,"#35b779"],[0.7777777777777778,"#6ece58"],[0.8888888888888888,"#b5de2b"],[1.0,"#fde725"]],"type":"heatmap"}],"histogram2dcontour":[{"colorbar":{"outlinewidth":1,"tickcolor":"rgb(36,36,36)","ticks":"outside"},"colorscale":[[0.0,"#440154"],[0.1111111111111111,"#482878"],[0.2222222222222222,"#3e4989"],[0.3333333333333333,"#31688e"],[0.4444444444444444,"#26828e"],[0.5555555555555556,"#1f9e89"],[0.6666666666666666,"#35b779"],[0.7777777777777778,"#6ece58"],[0.8888888888888888,"#b5de2b"],[1.0,"#fde725"]],"type":"histogram2dcontour"}],"histogram2d":[{"colorbar":{"outlinewidth":1,"tickcolor":"rgb(36,36,36)","ticks":"outside"},"colorscale":[[0.0,"#440154"],[0.1111111111111111,"#482878"],[0.2222222222222222,"#3e4989"],[0.3333333333333333,"#31688e"],[0.4444444444444444,"#26828e"],[0.5555555555555556,"#1f9e89"],[0.6666666666666666,"#35b779"],[0.7777777777777778,"#6ece58"],[0.8888888888888888,"#b5de2b"],[1.0,"#fde725"]],"type":"histogram2d"}],"histogram":[{"marker":{"line":{"color":"white","width":0.6}},"type":"histogram"}],"mesh3d":[{"colorbar":{"outlinewidth":1,"tickcolor":"rgb(36,36,36)","ticks":"outside"},"type":"mesh3d"}],"parcoords":[{"line":{"colorbar":{"outlinewidth":1,"tickcolor":"rgb(36,36,36)","ticks":"outside"}},"type":"parcoords"}],"pie":[{"automargin":true,"type":"pie"}],"scatter3d":[{"line":{"colorbar":{"outlinewidth":1,"tickcolor":"rgb(36,36,36)","ticks":"outside"}},"marker":{"colorbar":{"outlinewidth":1,"tickcolor":"rgb(36,36,36)","ticks":"outside"}},"type":"scatter3d"}],"scattercarpet":[{"marker":{"colorbar":{"outlinewidth":1,"tickcolor":"rgb(36,36,36)","ticks":"outside"}},"type":"scattercarpet"}],"scattergeo":[{"marker":{"colorbar":{"outlinewidth":1,"tickcolor":"rgb(36,36,36)","ticks":"outside"}},"type":"scattergeo"}],"scattergl":[{"marker":{"colorbar":{"outlinewidth":1,"tickcolor":"rgb(36,36,36)","ticks":"outside"}},"type":"scattergl"}],"scattermapbox":[{"marker":{"colorbar":{"outlinewidth":1,"tickcolor":"rgb(36,36,36)","ticks":"outside"}},"type":"scattermapbox"}],"scatterpolargl":[{"marker":{"colorbar":{"outlinewidth":1,"tickcolor":"rgb(36,36,36)","ticks":"outside"}},"type":"scatterpolargl"}],"scatterpolar":[{"marker":{"colorbar":{"outlinewidth":1,"tickcolor":"rgb(36,36,36)","ticks":"outside"}},"type":"scatterpolar"}],"scatter":[{"fillpattern":{"fillmode":"overlay","size":10,"solidity":0.2},"type":"scatter"}],"scatterternary":[{"marker":{"colorbar":{"outlinewidth":1,"tickcolor":"rgb(36,36,36)","ticks":"outside"}},"type":"scatterternary"}],"surface":[{"colorbar":{"outlinewidth":1,"tickcolor":"rgb(36,36,36)","ticks":"outside"},"colorscale":[[0.0,"#440154"],[0.1111111111111111,"#482878"],[0.2222222222222222,"#3e4989"],[0.3333333333333333,"#31688e"],[0.4444444444444444,"#26828e"],[0.5555555555555556,"#1f9e89"],[0.6666666666666666,"#35b779"],[0.7777777777777778,"#6ece58"],[0.8888888888888888,"#b5de2b"],[1.0,"#fde725"]],"type":"surface"}],"table":[{"cells":{"fill":{"color":"rgb(237,237,237)"},"line":{"color":"white"}},"header":{"fill":{"color":"rgb(217,217,217)"},"line":{"color":"white"}},"type":"table"}]},"layout":{"annotationdefaults":{"arrowhead":0,"arrowwidth":1},"autotypenumbers":"strict","coloraxis":{"colorbar":{"outlinewidth":1,"tickcolor":"rgb(36,36,36)","ticks":"outside"}},"colorscale":{"diverging":[[0.0,"rgb(103,0,31)"],[0.1,"rgb(178,24,43)"],[0.2,"rgb(214,96,77)"],[0.3,"rgb(244,165,130)"],[0.4,"rgb(253,219,199)"],[0.5,"rgb(247,247,247)"],[0.6,"rgb(209,229,240)"],[0.7,"rgb(146,197,222)"],[0.8,"rgb(67,147,195)"],[0.9,"rgb(33,102,172)"],[1.0,"rgb(5,48,97)"]],"sequential":[[0.0,"#440154"],[0.1111111111111111,"#482878"],[0.2222222222222222,"#3e4989"],[0.3333333333333333,"#31688e"],[0.4444444444444444,"#26828e"],[0.5555555555555556,"#1f9e89"],[0.6666666666666666,"#35b779"],[0.7777777777777778,"#6ece58"],[0.8888888888888888,"#b5de2b"],[1.0,"#fde725"]],"sequentialminus":[[0.0,"#440154"],[0.1111111111111111,"#482878"],[0.2222222222222222,"#3e4989"],[0.3333333333333333,"#31688e"],[0.4444444444444444,"#26828e"],[0.5555555555555556,"#1f9e89"],[0.6666666666666666,"#35b779"],[0.7777777777777778,"#6ece58"],[0.8888888888888888,"#b5de2b"],[1.0,"#fde725"]]},"colorway":["#1F77B4","#FF7F0E","#2CA02C","#D62728","#9467BD","#8C564B","#E377C2","#7F7F7F","#BCBD22","#17BECF"],"font":{"color":"rgb(36,36,36)"},"geo":{"bgcolor":"white","lakecolor":"white","landcolor":"white","showlakes":true,"showland":true,"subunitcolor":"white"},"hoverlabel":{"align":"left"},"hovermode":"closest","mapbox":{"style":"light"},"paper_bgcolor":"white","plot_bgcolor":"white","polar":{"angularaxis":{"gridcolor":"rgb(232,232,232)","linecolor":"rgb(36,36,36)","showgrid":false,"showline":true,"ticks":"outside"},"bgcolor":"white","radialaxis":{"gridcolor":"rgb(232,232,232)","linecolor":"rgb(36,36,36)","showgrid":false,"showline":true,"ticks":"outside"}},"scene":{"xaxis":{"backgroundcolor":"white","gridcolor":"rgb(232,232,232)","gridwidth":2,"linecolor":"rgb(36,36,36)","showbackground":true,"showgrid":false,"showline":true,"ticks":"outside","zeroline":false,"zerolinecolor":"rgb(36,36,36)"},"yaxis":{"backgroundcolor":"white","gridcolor":"rgb(232,232,232)","gridwidth":2,"linecolor":"rgb(36,36,36)","showbackground":true,"showgrid":false,"showline":true,"ticks":"outside","zeroline":false,"zerolinecolor":"rgb(36,36,36)"},"zaxis":{"backgroundcolor":"white","gridcolor":"rgb(232,232,232)","gridwidth":2,"linecolor":"rgb(36,36,36)","showbackground":true,"showgrid":false,"showline":true,"ticks":"outside","zeroline":false,"zerolinecolor":"rgb(36,36,36)"}},"shapedefaults":{"fillcolor":"black","line":{"width":0},"opacity":0.3},"ternary":{"aaxis":{"gridcolor":"rgb(232,232,232)","linecolor":"rgb(36,36,36)","showgrid":false,"showline":true,"ticks":"outside"},"baxis":{"gridcolor":"rgb(232,232,232)","linecolor":"rgb(36,36,36)","showgrid":false,"showline":true,"ticks":"outside"},"bgcolor":"white","caxis":{"gridcolor":"rgb(232,232,232)","linecolor":"rgb(36,36,36)","showgrid":false,"showline":true,"ticks":"outside"}},"title":{"x":0.5,"xanchor":"center"},"xaxis":{"automargin":true,"gridcolor":"rgb(232,232,232)","linecolor":"rgb(36,36,36)","showgrid":true,"showline":true,"ticks":"outside","title":{"standoff":15},"zeroline":false,"zerolinecolor":"rgb(36,36,36)"},"yaxis":{"automargin":true,"gridcolor":"rgb(232,232,232)","linecolor":"rgb(36,36,36)","showgrid":true,"showline":true,"ticks":"outside","title":{"standoff":15},"zeroline":false,"zerolinecolor":"rgb(36,36,36)"},"autosize":true,"height":400,"margin":{"b":30,"l":30,"r":30,"t":30},"width":600}},"xaxis":{"nticks":16,"title":{"text":"Variables"}},"yaxis":{"nticks":16,"title":{"text":"Variables"}},"title":{"text":"Correlation Matrix"},"height":700,"width":800,"annotations":[{"font":{"color":"white"},"showarrow":false,"text":"1.00","x":"id","xref":"x","y":"id","yref":"y"},{"font":{"color":"black"},"showarrow":false,"text":"0.00","x":"minutes","xref":"x","y":"id","yref":"y"},{"font":{"color":"black"},"showarrow":false,"text":"0.17","x":"contributor_id","xref":"x","y":"id","yref":"y"},{"font":{"color":"black"},"showarrow":false,"text":"0.08","x":"n_steps","xref":"x","y":"id","yref":"y"},{"font":{"color":"black"},"showarrow":false,"text":"0.06","x":"n_ingredients","xref":"x","y":"id","yref":"y"},{"font":{"color":"black"},"showarrow":false,"text":"0.02","x":"calories (#)","xref":"x","y":"id","yref":"y"},{"font":{"color":"black"},"showarrow":false,"text":"0.03","x":"total fat (PDV)","xref":"x","y":"id","yref":"y"},{"font":{"color":"black"},"showarrow":false,"text":"0.01","x":"sugar (PDV)","xref":"x","y":"id","yref":"y"},{"font":{"color":"black"},"showarrow":false,"text":"0.01","x":"sodium (PDV)","xref":"x","y":"id","yref":"y"},{"font":{"color":"black"},"showarrow":false,"text":"0.01","x":"protein (PDV)","xref":"x","y":"id","yref":"y"},{"font":{"color":"black"},"showarrow":false,"text":"0.02","x":"saturated fat (PDV)","xref":"x","y":"id","yref":"y"},{"font":{"color":"black"},"showarrow":false,"text":"0.01","x":"carbohydrates (PDV)","xref":"x","y":"id","yref":"y"},{"font":{"color":"black"},"showarrow":false,"text":"0.15","x":"user_id","xref":"x","y":"id","yref":"y"},{"font":{"color":"white"},"showarrow":false,"text":"1.00","x":"recipe_id","xref":"x","y":"id","yref":"y"},{"font":{"color":"black"},"showarrow":false,"text":"0.02","x":"rating","xref":"x","y":"id","yref":"y"},{"font":{"color":"black"},"showarrow":false,"text":"0.03","x":"average_rating","xref":"x","y":"id","yref":"y"},{"font":{"color":"black"},"showarrow":false,"text":"0.00","x":"id","xref":"x","y":"minutes","yref":"y"},{"font":{"color":"white"},"showarrow":false,"text":"1.00","x":"minutes","xref":"x","y":"minutes","yref":"y"},{"font":{"color":"black"},"showarrow":false,"text":"0.00","x":"contributor_id","xref":"x","y":"minutes","yref":"y"},{"font":{"color":"black"},"showarrow":false,"text":"0.01","x":"n_steps","xref":"x","y":"minutes","yref":"y"},{"font":{"color":"black"},"showarrow":false,"text":"-0.01","x":"n_ingredients","xref":"x","y":"minutes","yref":"y"},{"font":{"color":"black"},"showarrow":false,"text":"0.01","x":"calories (#)","xref":"x","y":"minutes","yref":"y"},{"font":{"color":"black"},"showarrow":false,"text":"0.00","x":"total fat (PDV)","xref":"x","y":"minutes","yref":"y"},{"font":{"color":"black"},"showarrow":false,"text":"0.00","x":"sugar (PDV)","xref":"x","y":"minutes","yref":"y"},{"font":{"color":"black"},"showarrow":false,"text":"0.00","x":"sodium (PDV)","xref":"x","y":"minutes","yref":"y"},{"font":{"color":"black"},"showarrow":false,"text":"0.00","x":"protein (PDV)","xref":"x","y":"minutes","yref":"y"},{"font":{"color":"black"},"showarrow":false,"text":"0.00","x":"saturated fat (PDV)","xref":"x","y":"minutes","yref":"y"},{"font":{"color":"black"},"showarrow":false,"text":"0.01","x":"carbohydrates (PDV)","xref":"x","y":"minutes","yref":"y"},{"font":{"color":"black"},"showarrow":false,"text":"0.00","x":"user_id","xref":"x","y":"minutes","yref":"y"},{"font":{"color":"black"},"showarrow":false,"text":"0.00","x":"recipe_id","xref":"x","y":"minutes","yref":"y"},{"font":{"color":"black"},"showarrow":false,"text":"0.00","x":"rating","xref":"x","y":"minutes","yref":"y"},{"font":{"color":"black"},"showarrow":false,"text":"0.00","x":"average_rating","xref":"x","y":"minutes","yref":"y"},{"font":{"color":"black"},"showarrow":false,"text":"0.17","x":"id","xref":"x","y":"contributor_id","yref":"y"},{"font":{"color":"black"},"showarrow":false,"text":"0.00","x":"minutes","xref":"x","y":"contributor_id","yref":"y"},{"font":{"color":"white"},"showarrow":false,"text":"1.00","x":"contributor_id","xref":"x","y":"contributor_id","yref":"y"},{"font":{"color":"black"},"showarrow":false,"text":"0.05","x":"n_steps","xref":"x","y":"contributor_id","yref":"y"},{"font":{"color":"black"},"showarrow":false,"text":"0.01","x":"n_ingredients","xref":"x","y":"contributor_id","yref":"y"},{"font":{"color":"black"},"showarrow":false,"text":"0.02","x":"calories (#)","xref":"x","y":"contributor_id","yref":"y"},{"font":{"color":"black"},"showarrow":false,"text":"0.02","x":"total fat (PDV)","xref":"x","y":"contributor_id","yref":"y"},{"font":{"color":"black"},"showarrow":false,"text":"0.01","x":"sugar (PDV)","xref":"x","y":"contributor_id","yref":"y"},{"font":{"color":"black"},"showarrow":false,"text":"0.03","x":"sodium (PDV)","xref":"x","y":"contributor_id","yref":"y"},{"font":{"color":"black"},"showarrow":false,"text":"0.01","x":"protein (PDV)","xref":"x","y":"contributor_id","yref":"y"},{"font":{"color":"black"},"showarrow":false,"text":"0.01","x":"saturated fat (PDV)","xref":"x","y":"contributor_id","yref":"y"},{"font":{"color":"black"},"showarrow":false,"text":"0.02","x":"carbohydrates (PDV)","xref":"x","y":"contributor_id","yref":"y"},{"font":{"color":"black"},"showarrow":false,"text":"0.17","x":"user_id","xref":"x","y":"contributor_id","yref":"y"},{"font":{"color":"black"},"showarrow":false,"text":"0.17","x":"recipe_id","xref":"x","y":"contributor_id","yref":"y"},{"font":{"color":"black"},"showarrow":false,"text":"0.00","x":"rating","xref":"x","y":"contributor_id","yref":"y"},{"font":{"color":"black"},"showarrow":false,"text":"0.00","x":"average_rating","xref":"x","y":"contributor_id","yref":"y"},{"font":{"color":"black"},"showarrow":false,"text":"0.08","x":"id","xref":"x","y":"n_steps","yref":"y"},{"font":{"color":"black"},"showarrow":false,"text":"0.01","x":"minutes","xref":"x","y":"n_steps","yref":"y"},{"font":{"color":"black"},"showarrow":false,"text":"0.05","x":"contributor_id","xref":"x","y":"n_steps","yref":"y"},{"font":{"color":"white"},"showarrow":false,"text":"1.00","x":"n_steps","xref":"x","y":"n_steps","yref":"y"},{"font":{"color":"black"},"showarrow":false,"text":"0.41","x":"n_ingredients","xref":"x","y":"n_steps","yref":"y"},{"font":{"color":"black"},"showarrow":false,"text":"0.15","x":"calories (#)","xref":"x","y":"n_steps","yref":"y"},{"font":{"color":"black"},"showarrow":false,"text":"0.13","x":"total fat (PDV)","xref":"x","y":"n_steps","yref":"y"},{"font":{"color":"black"},"showarrow":false,"text":"0.05","x":"sugar (PDV)","xref":"x","y":"n_steps","yref":"y"},{"font":{"color":"black"},"showarrow":false,"text":"0.02","x":"sodium (PDV)","xref":"x","y":"n_steps","yref":"y"},{"font":{"color":"black"},"showarrow":false,"text":"0.15","x":"protein (PDV)","xref":"x","y":"n_steps","yref":"y"},{"font":{"color":"black"},"showarrow":false,"text":"0.14","x":"saturated fat (PDV)","xref":"x","y":"n_steps","yref":"y"},{"font":{"color":"black"},"showarrow":false,"text":"0.10","x":"carbohydrates (PDV)","xref":"x","y":"n_steps","yref":"y"},{"font":{"color":"black"},"showarrow":false,"text":"0.08","x":"user_id","xref":"x","y":"n_steps","yref":"y"},{"font":{"color":"black"},"showarrow":false,"text":"0.08","x":"recipe_id","xref":"x","y":"n_steps","yref":"y"},{"font":{"color":"black"},"showarrow":false,"text":"-0.00","x":"rating","xref":"x","y":"n_steps","yref":"y"},{"font":{"color":"black"},"showarrow":false,"text":"-0.00","x":"average_rating","xref":"x","y":"n_steps","yref":"y"},{"font":{"color":"black"},"showarrow":false,"text":"0.06","x":"id","xref":"x","y":"n_ingredients","yref":"y"},{"font":{"color":"black"},"showarrow":false,"text":"-0.01","x":"minutes","xref":"x","y":"n_ingredients","yref":"y"},{"font":{"color":"black"},"showarrow":false,"text":"0.01","x":"contributor_id","xref":"x","y":"n_ingredients","yref":"y"},{"font":{"color":"black"},"showarrow":false,"text":"0.41","x":"n_steps","xref":"x","y":"n_ingredients","yref":"y"},{"font":{"color":"white"},"showarrow":false,"text":"1.00","x":"n_ingredients","xref":"x","y":"n_ingredients","yref":"y"},{"font":{"color":"black"},"showarrow":false,"text":"0.13","x":"calories (#)","xref":"x","y":"n_ingredients","yref":"y"},{"font":{"color":"black"},"showarrow":false,"text":"0.12","x":"total fat (PDV)","xref":"x","y":"n_ingredients","yref":"y"},{"font":{"color":"black"},"showarrow":false,"text":"0.00","x":"sugar (PDV)","xref":"x","y":"n_ingredients","yref":"y"},{"font":{"color":"black"},"showarrow":false,"text":"0.04","x":"sodium (PDV)","xref":"x","y":"n_ingredients","yref":"y"},{"font":{"color":"black"},"showarrow":false,"text":"0.19","x":"protein (PDV)","xref":"x","y":"n_ingredients","yref":"y"},{"font":{"color":"black"},"showarrow":false,"text":"0.09","x":"saturated fat (PDV)","xref":"x","y":"n_ingredients","yref":"y"},{"font":{"color":"black"},"showarrow":false,"text":"0.08","x":"carbohydrates (PDV)","xref":"x","y":"n_ingredients","yref":"y"},{"font":{"color":"black"},"showarrow":false,"text":"0.01","x":"user_id","xref":"x","y":"n_ingredients","yref":"y"},{"font":{"color":"black"},"showarrow":false,"text":"0.06","x":"recipe_id","xref":"x","y":"n_ingredients","yref":"y"},{"font":{"color":"black"},"showarrow":false,"text":"-0.01","x":"rating","xref":"x","y":"n_ingredients","yref":"y"},{"font":{"color":"black"},"showarrow":false,"text":"-0.01","x":"average_rating","xref":"x","y":"n_ingredients","yref":"y"},{"font":{"color":"black"},"showarrow":false,"text":"0.02","x":"id","xref":"x","y":"calories (#)","yref":"y"},{"font":{"color":"black"},"showarrow":false,"text":"0.01","x":"minutes","xref":"x","y":"calories (#)","yref":"y"},{"font":{"color":"black"},"showarrow":false,"text":"0.02","x":"contributor_id","xref":"x","y":"calories (#)","yref":"y"},{"font":{"color":"black"},"showarrow":false,"text":"0.15","x":"n_steps","xref":"x","y":"calories (#)","yref":"y"},{"font":{"color":"black"},"showarrow":false,"text":"0.13","x":"n_ingredients","xref":"x","y":"calories (#)","yref":"y"},{"font":{"color":"white"},"showarrow":false,"text":"1.00","x":"calories (#)","xref":"x","y":"calories (#)","yref":"y"},{"font":{"color":"white"},"showarrow":false,"text":"0.87","x":"total fat (PDV)","xref":"x","y":"calories (#)","yref":"y"},{"font":{"color":"white"},"showarrow":false,"text":"0.68","x":"sugar (PDV)","xref":"x","y":"calories (#)","yref":"y"},{"font":{"color":"black"},"showarrow":false,"text":"0.22","x":"sodium (PDV)","xref":"x","y":"calories (#)","yref":"y"},{"font":{"color":"white"},"showarrow":false,"text":"0.59","x":"protein (PDV)","xref":"x","y":"calories (#)","yref":"y"},{"font":{"color":"white"},"showarrow":false,"text":"0.81","x":"saturated fat (PDV)","xref":"x","y":"calories (#)","yref":"y"},{"font":{"color":"white"},"showarrow":false,"text":"0.81","x":"carbohydrates (PDV)","xref":"x","y":"calories (#)","yref":"y"},{"font":{"color":"black"},"showarrow":false,"text":"0.05","x":"user_id","xref":"x","y":"calories (#)","yref":"y"},{"font":{"color":"black"},"showarrow":false,"text":"0.02","x":"recipe_id","xref":"x","y":"calories (#)","yref":"y"},{"font":{"color":"black"},"showarrow":false,"text":"-0.01","x":"rating","xref":"x","y":"calories (#)","yref":"y"},{"font":{"color":"black"},"showarrow":false,"text":"-0.01","x":"average_rating","xref":"x","y":"calories (#)","yref":"y"},{"font":{"color":"black"},"showarrow":false,"text":"0.03","x":"id","xref":"x","y":"total fat (PDV)","yref":"y"},{"font":{"color":"black"},"showarrow":false,"text":"0.00","x":"minutes","xref":"x","y":"total fat (PDV)","yref":"y"},{"font":{"color":"black"},"showarrow":false,"text":"0.02","x":"contributor_id","xref":"x","y":"total fat (PDV)","yref":"y"},{"font":{"color":"black"},"showarrow":false,"text":"0.13","x":"n_steps","xref":"x","y":"total fat (PDV)","yref":"y"},{"font":{"color":"black"},"showarrow":false,"text":"0.12","x":"n_ingredients","xref":"x","y":"total fat (PDV)","yref":"y"},{"font":{"color":"white"},"showarrow":false,"text":"0.87","x":"calories (#)","xref":"x","y":"total fat (PDV)","yref":"y"},{"font":{"color":"white"},"showarrow":false,"text":"1.00","x":"total fat (PDV)","xref":"x","y":"total fat (PDV)","yref":"y"},{"font":{"color":"black"},"showarrow":false,"text":"0.40","x":"sugar (PDV)","xref":"x","y":"total fat (PDV)","yref":"y"},{"font":{"color":"black"},"showarrow":false,"text":"0.12","x":"sodium (PDV)","xref":"x","y":"total fat (PDV)","yref":"y"},{"font":{"color":"white"},"showarrow":false,"text":"0.51","x":"protein (PDV)","xref":"x","y":"total fat (PDV)","yref":"y"},{"font":{"color":"white"},"showarrow":false,"text":"0.86","x":"saturated fat (PDV)","xref":"x","y":"total fat (PDV)","yref":"y"},{"font":{"color":"black"},"showarrow":false,"text":"0.46","x":"carbohydrates (PDV)","xref":"x","y":"total fat (PDV)","yref":"y"},{"font":{"color":"black"},"showarrow":false,"text":"0.04","x":"user_id","xref":"x","y":"total fat (PDV)","yref":"y"},{"font":{"color":"black"},"showarrow":false,"text":"0.03","x":"recipe_id","xref":"x","y":"total fat (PDV)","yref":"y"},{"font":{"color":"black"},"showarrow":false,"text":"-0.00","x":"rating","xref":"x","y":"total fat (PDV)","yref":"y"},{"font":{"color":"black"},"showarrow":false,"text":"-0.00","x":"average_rating","xref":"x","y":"total fat (PDV)","yref":"y"},{"font":{"color":"black"},"showarrow":false,"text":"0.01","x":"id","xref":"x","y":"sugar (PDV)","yref":"y"},{"font":{"color":"black"},"showarrow":false,"text":"0.00","x":"minutes","xref":"x","y":"sugar (PDV)","yref":"y"},{"font":{"color":"black"},"showarrow":false,"text":"0.01","x":"contributor_id","xref":"x","y":"sugar (PDV)","yref":"y"},{"font":{"color":"black"},"showarrow":false,"text":"0.05","x":"n_steps","xref":"x","y":"sugar (PDV)","yref":"y"},{"font":{"color":"black"},"showarrow":false,"text":"0.00","x":"n_ingredients","xref":"x","y":"sugar (PDV)","yref":"y"},{"font":{"color":"white"},"showarrow":false,"text":"0.68","x":"calories (#)","xref":"x","y":"sugar (PDV)","yref":"y"},{"font":{"color":"black"},"showarrow":false,"text":"0.40","x":"total fat (PDV)","xref":"x","y":"sugar (PDV)","yref":"y"},{"font":{"color":"white"},"showarrow":false,"text":"1.00","x":"sugar (PDV)","xref":"x","y":"sugar (PDV)","yref":"y"},{"font":{"color":"black"},"showarrow":false,"text":"0.21","x":"sodium (PDV)","xref":"x","y":"sugar (PDV)","yref":"y"},{"font":{"color":"black"},"showarrow":false,"text":"0.13","x":"protein (PDV)","xref":"x","y":"sugar (PDV)","yref":"y"},{"font":{"color":"black"},"showarrow":false,"text":"0.47","x":"saturated fat (PDV)","xref":"x","y":"sugar (PDV)","yref":"y"},{"font":{"color":"white"},"showarrow":false,"text":"0.85","x":"carbohydrates (PDV)","xref":"x","y":"sugar (PDV)","yref":"y"},{"font":{"color":"black"},"showarrow":false,"text":"0.04","x":"user_id","xref":"x","y":"sugar (PDV)","yref":"y"},{"font":{"color":"black"},"showarrow":false,"text":"0.01","x":"recipe_id","xref":"x","y":"sugar (PDV)","yref":"y"},{"font":{"color":"black"},"showarrow":false,"text":"-0.01","x":"rating","xref":"x","y":"sugar (PDV)","yref":"y"},{"font":{"color":"black"},"showarrow":false,"text":"-0.01","x":"average_rating","xref":"x","y":"sugar (PDV)","yref":"y"},{"font":{"color":"black"},"showarrow":false,"text":"0.01","x":"id","xref":"x","y":"sodium (PDV)","yref":"y"},{"font":{"color":"black"},"showarrow":false,"text":"0.00","x":"minutes","xref":"x","y":"sodium (PDV)","yref":"y"},{"font":{"color":"black"},"showarrow":false,"text":"0.03","x":"contributor_id","xref":"x","y":"sodium (PDV)","yref":"y"},{"font":{"color":"black"},"showarrow":false,"text":"0.02","x":"n_steps","xref":"x","y":"sodium (PDV)","yref":"y"},{"font":{"color":"black"},"showarrow":false,"text":"0.04","x":"n_ingredients","xref":"x","y":"sodium (PDV)","yref":"y"},{"font":{"color":"black"},"showarrow":false,"text":"0.22","x":"calories (#)","xref":"x","y":"sodium (PDV)","yref":"y"},{"font":{"color":"black"},"showarrow":false,"text":"0.12","x":"total fat (PDV)","xref":"x","y":"sodium (PDV)","yref":"y"},{"font":{"color":"black"},"showarrow":false,"text":"0.21","x":"sugar (PDV)","xref":"x","y":"sodium (PDV)","yref":"y"},{"font":{"color":"white"},"showarrow":false,"text":"1.00","x":"sodium (PDV)","xref":"x","y":"sodium (PDV)","yref":"y"},{"font":{"color":"black"},"showarrow":false,"text":"0.18","x":"protein (PDV)","xref":"x","y":"sodium (PDV)","yref":"y"},{"font":{"color":"black"},"showarrow":false,"text":"0.11","x":"saturated fat (PDV)","xref":"x","y":"sodium (PDV)","yref":"y"},{"font":{"color":"black"},"showarrow":false,"text":"0.23","x":"carbohydrates (PDV)","xref":"x","y":"sodium (PDV)","yref":"y"},{"font":{"color":"black"},"showarrow":false,"text":"0.02","x":"user_id","xref":"x","y":"sodium (PDV)","yref":"y"},{"font":{"color":"black"},"showarrow":false,"text":"0.01","x":"recipe_id","xref":"x","y":"sodium (PDV)","yref":"y"},{"font":{"color":"black"},"showarrow":false,"text":"-0.00","x":"rating","xref":"x","y":"sodium (PDV)","yref":"y"},{"font":{"color":"black"},"showarrow":false,"text":"-0.01","x":"average_rating","xref":"x","y":"sodium (PDV)","yref":"y"},{"font":{"color":"black"},"showarrow":false,"text":"0.01","x":"id","xref":"x","y":"protein (PDV)","yref":"y"},{"font":{"color":"black"},"showarrow":false,"text":"0.00","x":"minutes","xref":"x","y":"protein (PDV)","yref":"y"},{"font":{"color":"black"},"showarrow":false,"text":"0.01","x":"contributor_id","xref":"x","y":"protein (PDV)","yref":"y"},{"font":{"color":"black"},"showarrow":false,"text":"0.15","x":"n_steps","xref":"x","y":"protein (PDV)","yref":"y"},{"font":{"color":"black"},"showarrow":false,"text":"0.19","x":"n_ingredients","xref":"x","y":"protein (PDV)","yref":"y"},{"font":{"color":"white"},"showarrow":false,"text":"0.59","x":"calories (#)","xref":"x","y":"protein (PDV)","yref":"y"},{"font":{"color":"white"},"showarrow":false,"text":"0.51","x":"total fat (PDV)","xref":"x","y":"protein (PDV)","yref":"y"},{"font":{"color":"black"},"showarrow":false,"text":"0.13","x":"sugar (PDV)","xref":"x","y":"protein (PDV)","yref":"y"},{"font":{"color":"black"},"showarrow":false,"text":"0.18","x":"sodium (PDV)","xref":"x","y":"protein (PDV)","yref":"y"},{"font":{"color":"white"},"showarrow":false,"text":"1.00","x":"protein (PDV)","xref":"x","y":"protein (PDV)","yref":"y"},{"font":{"color":"black"},"showarrow":false,"text":"0.46","x":"saturated fat (PDV)","xref":"x","y":"protein (PDV)","yref":"y"},{"font":{"color":"black"},"showarrow":false,"text":"0.27","x":"carbohydrates (PDV)","xref":"x","y":"protein (PDV)","yref":"y"},{"font":{"color":"black"},"showarrow":false,"text":"0.03","x":"user_id","xref":"x","y":"protein (PDV)","yref":"y"},{"font":{"color":"black"},"showarrow":false,"text":"0.01","x":"recipe_id","xref":"x","y":"protein (PDV)","yref":"y"},{"font":{"color":"black"},"showarrow":false,"text":"-0.01","x":"rating","xref":"x","y":"protein (PDV)","yref":"y"},{"font":{"color":"black"},"showarrow":false,"text":"-0.02","x":"average_rating","xref":"x","y":"protein (PDV)","yref":"y"},{"font":{"color":"black"},"showarrow":false,"text":"0.02","x":"id","xref":"x","y":"saturated fat (PDV)","yref":"y"},{"font":{"color":"black"},"showarrow":false,"text":"0.00","x":"minutes","xref":"x","y":"saturated fat (PDV)","yref":"y"},{"font":{"color":"black"},"showarrow":false,"text":"0.01","x":"contributor_id","xref":"x","y":"saturated fat (PDV)","yref":"y"},{"font":{"color":"black"},"showarrow":false,"text":"0.14","x":"n_steps","xref":"x","y":"saturated fat (PDV)","yref":"y"},{"font":{"color":"black"},"showarrow":false,"text":"0.09","x":"n_ingredients","xref":"x","y":"saturated fat (PDV)","yref":"y"},{"font":{"color":"white"},"showarrow":false,"text":"0.81","x":"calories (#)","xref":"x","y":"saturated fat (PDV)","yref":"y"},{"font":{"color":"white"},"showarrow":false,"text":"0.86","x":"total fat (PDV)","xref":"x","y":"saturated fat (PDV)","yref":"y"},{"font":{"color":"black"},"showarrow":false,"text":"0.47","x":"sugar (PDV)","xref":"x","y":"saturated fat (PDV)","yref":"y"},{"font":{"color":"black"},"showarrow":false,"text":"0.11","x":"sodium (PDV)","xref":"x","y":"saturated fat (PDV)","yref":"y"},{"font":{"color":"black"},"showarrow":false,"text":"0.46","x":"protein (PDV)","xref":"x","y":"saturated fat (PDV)","yref":"y"},{"font":{"color":"white"},"showarrow":false,"text":"1.00","x":"saturated fat (PDV)","xref":"x","y":"saturated fat (PDV)","yref":"y"},{"font":{"color":"black"},"showarrow":false,"text":"0.50","x":"carbohydrates (PDV)","xref":"x","y":"saturated fat (PDV)","yref":"y"},{"font":{"color":"black"},"showarrow":false,"text":"0.04","x":"user_id","xref":"x","y":"saturated fat (PDV)","yref":"y"},{"font":{"color":"black"},"showarrow":false,"text":"0.02","x":"recipe_id","xref":"x","y":"saturated fat (PDV)","yref":"y"},{"font":{"color":"black"},"showarrow":false,"text":"-0.00","x":"rating","xref":"x","y":"saturated fat (PDV)","yref":"y"},{"font":{"color":"black"},"showarrow":false,"text":"-0.01","x":"average_rating","xref":"x","y":"saturated fat (PDV)","yref":"y"},{"font":{"color":"black"},"showarrow":false,"text":"0.01","x":"id","xref":"x","y":"carbohydrates (PDV)","yref":"y"},{"font":{"color":"black"},"showarrow":false,"text":"0.01","x":"minutes","xref":"x","y":"carbohydrates (PDV)","yref":"y"},{"font":{"color":"black"},"showarrow":false,"text":"0.02","x":"contributor_id","xref":"x","y":"carbohydrates (PDV)","yref":"y"},{"font":{"color":"black"},"showarrow":false,"text":"0.10","x":"n_steps","xref":"x","y":"carbohydrates (PDV)","yref":"y"},{"font":{"color":"black"},"showarrow":false,"text":"0.08","x":"n_ingredients","xref":"x","y":"carbohydrates (PDV)","yref":"y"},{"font":{"color":"white"},"showarrow":false,"text":"0.81","x":"calories (#)","xref":"x","y":"carbohydrates (PDV)","yref":"y"},{"font":{"color":"black"},"showarrow":false,"text":"0.46","x":"total fat (PDV)","xref":"x","y":"carbohydrates (PDV)","yref":"y"},{"font":{"color":"white"},"showarrow":false,"text":"0.85","x":"sugar (PDV)","xref":"x","y":"carbohydrates (PDV)","yref":"y"},{"font":{"color":"black"},"showarrow":false,"text":"0.23","x":"sodium (PDV)","xref":"x","y":"carbohydrates (PDV)","yref":"y"},{"font":{"color":"black"},"showarrow":false,"text":"0.27","x":"protein (PDV)","xref":"x","y":"carbohydrates (PDV)","yref":"y"},{"font":{"color":"black"},"showarrow":false,"text":"0.50","x":"saturated fat (PDV)","xref":"x","y":"carbohydrates (PDV)","yref":"y"},{"font":{"color":"white"},"showarrow":false,"text":"1.00","x":"carbohydrates (PDV)","xref":"x","y":"carbohydrates (PDV)","yref":"y"},{"font":{"color":"black"},"showarrow":false,"text":"0.04","x":"user_id","xref":"x","y":"carbohydrates (PDV)","yref":"y"},{"font":{"color":"black"},"showarrow":false,"text":"0.01","x":"recipe_id","xref":"x","y":"carbohydrates (PDV)","yref":"y"},{"font":{"color":"black"},"showarrow":false,"text":"-0.01","x":"rating","xref":"x","y":"carbohydrates (PDV)","yref":"y"},{"font":{"color":"black"},"showarrow":false,"text":"-0.02","x":"average_rating","xref":"x","y":"carbohydrates (PDV)","yref":"y"},{"font":{"color":"black"},"showarrow":false,"text":"0.15","x":"id","xref":"x","y":"user_id","yref":"y"},{"font":{"color":"black"},"showarrow":false,"text":"0.00","x":"minutes","xref":"x","y":"user_id","yref":"y"},{"font":{"color":"black"},"showarrow":false,"text":"0.17","x":"contributor_id","xref":"x","y":"user_id","yref":"y"},{"font":{"color":"black"},"showarrow":false,"text":"0.08","x":"n_steps","xref":"x","y":"user_id","yref":"y"},{"font":{"color":"black"},"showarrow":false,"text":"0.01","x":"n_ingredients","xref":"x","y":"user_id","yref":"y"},{"font":{"color":"black"},"showarrow":false,"text":"0.05","x":"calories (#)","xref":"x","y":"user_id","yref":"y"},{"font":{"color":"black"},"showarrow":false,"text":"0.04","x":"total fat (PDV)","xref":"x","y":"user_id","yref":"y"},{"font":{"color":"black"},"showarrow":false,"text":"0.04","x":"sugar (PDV)","xref":"x","y":"user_id","yref":"y"},{"font":{"color":"black"},"showarrow":false,"text":"0.02","x":"sodium (PDV)","xref":"x","y":"user_id","yref":"y"},{"font":{"color":"black"},"showarrow":false,"text":"0.03","x":"protein (PDV)","xref":"x","y":"user_id","yref":"y"},{"font":{"color":"black"},"showarrow":false,"text":"0.04","x":"saturated fat (PDV)","xref":"x","y":"user_id","yref":"y"},{"font":{"color":"black"},"showarrow":false,"text":"0.04","x":"carbohydrates (PDV)","xref":"x","y":"user_id","yref":"y"},{"font":{"color":"white"},"showarrow":false,"text":"1.00","x":"user_id","xref":"x","y":"user_id","yref":"y"},{"font":{"color":"black"},"showarrow":false,"text":"0.15","x":"recipe_id","xref":"x","y":"user_id","yref":"y"},{"font":{"color":"black"},"showarrow":false,"text":"-0.12","x":"rating","xref":"x","y":"user_id","yref":"y"},{"font":{"color":"black"},"showarrow":false,"text":"-0.09","x":"average_rating","xref":"x","y":"user_id","yref